3049662 2931782 2679955 3183087 1904846 2141077 2361040 3366418 2318289 846 
3744851 2657034 2728921 2265896 1621398 2237078 2353275 3188530 1989567 481 
3322172 2552941 2556179 1703796 1672167 1571560 2223354 2840827 1426756 727 
2163563 2321057 2309199 2080230 2692501 1551159 1702251 1780580 1267834 23 
1408754 2048379 2578483 2512249 3160470 2790752 2638930 989803 1045529 681 
1379602 1732171 2244095 2595598 3016800 2517411 2842931 1817330 1057319 338 
2527882 1746758 2278162 1831776 2692071 1538547 2529610 2310532 1358814 210 
2372093 1977917 2056540 2503649 1829079 1173062 2048123 1900085 1625997 418 
637631 1187152 1344685 2033949 1401131 1221950 1308919 1612796 1336258 460 
244 133 231 896 119 493 698 117 259 770 
