Optimal tour: 9352
NrNodes: 194

500gen 200pop
Chromo: [161, 187, 174, 156, 153, 138, 97, 58, 43, 40, 65, 109, 90, 83, 34, 45, 63, 105, 143, 171, 185, 180, 68, 59, 69, 122, 123, 21, 6, 3, 15, 70, 81, 110, 131, 126, 129, 108, 112, 121, 144, 133, 155, 145, 152, 157, 166, 182, 181, 193, 191, 168, 190, 172, 175, 163, 103, 124, 102, 87, 114, 132, 130, 115, 107, 98, 62, 0, 19, 149, 151, 183, 160, 125, 139, 93, 10, 7, 1, 4, 8, 36, 25, 61, 88, 113, 35, 84, 64, 22, 14, 18, 73, 74, 75, 71, 23, 117, 154, 179, 158, 128, 120, 119, 99, 27, 44, 39, 26, 41, 9, 33, 50, 28, 17, 20, 80, 89, 5, 2, 11, 42, 60, 67, 78, 104, 91, 94, 106, 111, 142, 147, 146, 140, 92, 101, 86, 77, 32, 56, 66, 55, 53, 57, 72, 47, 38, 49, 30, 31, 48, 51, 76, 96, 24, 12, 82, 95, 116, 134, 136, 141, 188, 167, 176, 178, 177, 164, 184, 189, 162, 159, 135, 127, 52, 37, 46, 100, 85, 165, 150, 169, 170, 192, 186, 173, 148, 137, 118, 79, 13, 16, 54, 29]
has fit: 34407

1000gen 100pop
Chromo: [4, 41, 54, 26, 143, 152, 153, 193, 186, 187, 180, 179, 184, 192, 164, 151, 146, 128, 120, 114, 116, 118, 112, 83, 66, 82, 150, 154, 158, 157, 138, 126, 84, 62, 58, 61, 103, 106, 105, 80, 76, 67, 63, 24, 22, 35, 88, 93, 137, 181, 182, 172, 147, 119, 127, 68, 20, 32, 17, 101, 133, 141, 136, 139, 144, 155, 185, 177, 170, 140, 110, 85, 97, 89, 100, 90, 73, 57, 9, 8, 11, 2, 1, 3, 5, 6, 69, 87, 94, 96, 109, 111, 130, 135, 142, 171, 168, 178, 188, 176, 108, 70, 14, 18, 34, 51, 27, 21, 33, 40, 42, 31, 29, 49, 48, 30, 37, 47, 46, 36, 28, 56, 117, 149, 156, 121, 99, 107, 72, 45, 38, 60, 71, 23, 74, 79, 86, 134, 132, 161, 190, 191, 189, 174, 167, 165, 183, 173, 163, 148, 145, 160, 162, 175, 115, 122, 123, 104, 65, 44, 59, 77, 15, 7, 10, 25, 50, 53, 39, 55, 78, 95, 92, 125, 124, 129, 131, 102, 91, 75, 81, 12, 16, 13, 0, 64, 19, 98, 113, 166, 169, 159, 43, 52]
has fit: 28578

5000gen 300pop
Chromo: [173, 172, 174, 135, 105, 91, 28, 9, 8, 62, 64, 19, 5, 7, 15, 108, 118, 140, 121, 12, 10, 13, 16, 25, 23, 109, 111, 99, 53, 30, 31, 29, 18, 14, 26, 44, 56, 69, 76, 122, 123, 127, 96, 94, 95, 92, 90, 86, 79, 70, 22, 24, 71, 68, 67, 65, 60, 47, 51, 52, 119, 132, 134, 142, 147, 159, 165, 170, 176, 180, 177, 179, 169, 166, 158, 146, 151, 152, 149, 138, 137, 113, 100, 98, 93, 88, 35, 58, 61, 103, 110, 126, 124, 125, 139, 144, 160, 162, 168, 171, 178, 185, 186, 182, 183, 187, 192, 184, 167, 164, 156, 141, 136, 133, 131, 112, 101, 102, 87, 82, 80, 50, 46, 38, 33, 39, 40, 37, 34, 43, 41, 49, 54, 48, 45, 42, 36, 27, 17, 20, 32, 59, 78, 106, 107, 114, 115, 116, 120, 128, 130, 117, 104, 83, 72, 66, 11, 4, 2, 1, 0, 3, 6, 21, 55, 57, 63, 73, 77, 74, 75, 81, 89, 84, 85, 97, 143, 157, 161, 154, 150, 153, 145, 148, 175, 181, 193, 189, 191, 190, 188, 163, 155, 129]
has fit: 17550

10000gen 200pop
Chromo: [171, 178, 185, 193, 181, 175, 144, 139, 133, 131, 126, 124, 136, 162, 174, 176, 180, 177, 179, 167, 157, 135, 134, 130, 146, 140, 110, 97, 85, 84, 89, 88, 62, 64, 19, 0, 5, 7, 6, 26, 33, 50, 67, 76, 80, 94, 95, 92, 69, 63, 56, 44, 36, 60, 66, 72, 99, 109, 111, 117, 121, 143, 149, 156, 183, 188, 191, 190, 187, 192, 184, 170, 169, 166, 158, 152, 153, 145, 148, 141, 151, 150, 154, 147, 142, 132, 127, 123, 122, 119, 116, 105, 90, 77, 74, 71, 73, 78, 82, 87, 91, 96, 104, 106, 107, 114, 115, 102, 101, 86, 75, 22, 12, 10, 20, 17, 27, 39, 42, 37, 40, 43, 48, 54, 53, 52, 51, 45, 47, 55, 57, 46, 38, 28, 21, 8, 9, 11, 14, 18, 29, 31, 30, 32, 23, 25, 16, 13, 24, 70, 108, 112, 118, 137, 138, 163, 173, 172, 164, 161, 165, 159, 128, 120, 83, 65, 49, 41, 34, 4, 2, 1, 3, 15, 81, 113, 125, 182, 189, 186, 168, 160, 155, 129, 103, 61, 58, 35, 93, 98, 100, 79, 68, 59]
has fit: 15868

