1220201 2417456 1872047 2005335 1183572 1775347 1907062 2455862 2443972 1141140 
2642104 2657034 2728921 2265896 1621398 2237078 2353275 3188530 3136337 1912017 
2419649 2552941 2556179 1703796 1672167 1571560 2223354 2840827 2112922 1580131 
1573673 2321057 2309199 2080230 2692501 1551159 1702251 1780580 1956222 1273726 
877337 2048379 2578483 2512249 3160470 2790752 2638930 989803 1981720 781468 
606281 1732171 2244095 2595598 3016800 2517411 2842931 1817330 1577133 1131430 
1720352 1746758 2278162 1831776 2692071 1538547 2529610 2310532 1955066 837902 
1754483 1977917 2056540 2503649 1829079 1173062 2048123 1900085 2446619 1170913 
599752 1519193 2265500 2266755 2273794 1951765 1652837 2173375 2552611 1189081 
368105 645308 1359188 1056196 1673158 1546832 899764 1285972 1806510 1226437 
