0
<layers.FirstLayer object at 0x0000021393F65840>
[0.8738907532971106]
[0.26382207999834384]
[0.16110201524336087]
[0.4739692099296352]
[0.7088922486764706]
<layers.Layer object at 0x0000021393F657E0>
[0.5140320370956268, 0.2909056971213515, 0.5886507802099018, 0.6627039021517512]
[0.5753875395862749, 0.7254997774319794, 0.41363548771165204, 0.4239124528442233]
[0.41151814587794955, 0.9231566097748128, 0.14159093842705683, 0.2834331304399189]
[0.3577470185030319, 0.04867575323404272, 0.09947171101703756, 0.941038933996012]
[0.3039234078014832, 0.7121201927309865, 0.7371094269975573, 0.8048547125087602]
[0.08148637610217702, 0.37341103137944376, 0.21272613949488173, 0.25072261054463973]
[0.020784184716044596, 0.5517386516825461, 0.4342695304468317, 0.39573446745457663]
[0.20909297339877464, 0.34947609226685883, 0.6283343616188859, 0.9119925801621365]
<layers.Layer object at 0x00000213B51609A0>
[0.717195094551197, 0.5838136639830157, 0.32968696536886577, 0.04351580907013397, 0.4588417696525856, 0.19724963305654308, 0.6263124452811583, 0.7928783069489647]
[0.19642633299892442, 0.1599183328558531, 0.9294910605131312, 0.9124925710348417, 0.31264589964095824, 0.840582792506145, 0.6816132224553006, 0.7968329006429894]
[0.37902733654826515, 0.13868012519275397, 0.904398860949008, 0.7210413963613492, 0.9882612073679907, 0.43881274946510873, 0.36327657857351037, 0.3249971984367023]
[0.007834640938400805, 0.7277907641656286, 0.9484636225466158, 0.6080709499265399, 0.86856668105944, 0.5078347226241124, 0.5244755912281096, 0.1096529977050591]
[0.36436662389925545, 0.40980473154989594, 0.24558046976478476, 0.8223095294773417, 0.6000549555171796, 0.1116086456451737, 0.058180352290795545, 0.7845542599718417]
[0.3955035144063951, 0.9910051154545654, 0.7173694516977459, 0.16520633295602472, 0.7224402804102414, 0.06309505459986453, 0.21531156537306662, 0.10784354359450732]
[0.11924921636771324, 0.4233655239509774, 0.7676945312827735, 0.6193686960041408, 0.24200045473977272, 0.4993203810049377, 0.6067410030786778, 0.6640821375227716]
[0.30474938401608487, 0.26220860890196496, 0.22153196565927047, 0.7552563671172173, 0.8559839701392266, 0.26402106570929096, 0.0352827994611874, 0.40853201622080104]
[0.9991425862580385, 0.1438400743205963, 0.895341586796419, 0.1284184480689451, 0.9907264305262459, 0.8775385477484998, 0.6538492624679129, 0.9554862506512903]
[0.12556556450013667, 0.8455006816652836, 0.2421994959960002, 0.6390889382622867, 0.44580515418706823, 0.6625322864931218, 0.042131402019551345, 0.953405949258647]
[0.6837363741131854, 0.44502609518593483, 0.04933158231517032, 0.5917752723699511, 0.40278715039285595, 0.009786720759071166, 0.26814048671518076, 0.9110188970228977]
[0.7982336127479315, 0.6003111293525013, 0.5236698177816883, 0.7003943745247834, 0.956572299535534, 0.34008548494607393, 0.9386936252281071, 0.5945050035550514]
[0.8200762667783548, 0.6288813622235967, 0.4762133981122202, 0.002572443515337808, 0.8521359014063145, 0.5535275486155286, 0.16510851600873233, 0.6633834469391063]
[0.6145529560260968, 0.23896675705412496, 0.10290058992760054, 0.8835606040033955, 0.2908147932315285, 0.5121324780860355, 0.4860764716096413, 0.6560157526031946]
[0.6528182617343653, 0.9526120169153225, 0.9510956317786398, 0.2190156925662914, 0.5655353640844429, 0.8477269792108864, 0.4483484825946522, 0.1138271637571443]
[0.08941766393885653, 0.49634069142993076, 0.8485340155150923, 0.06404504710917513, 0.41563063194077354, 0.7422305247260356, 0.08381666017558231, 0.5827496198895564]
<layers.Layer object at 0x00000213B5161360>
[0.8348988158494517, 0.4927022915245658, 0.12863424471659246, 0.5090838727794941, 0.7459872185991064, 0.3357331506417759, 0.6535175409289558, 0.6594237691243755, 0.6332604115878836, 0.1374049712284937, 0.9099988957507305, 0.827854342618947, 0.3653186354281528, 0.8366892077835031, 0.1163881988650366, 0.2782324546869007]
[0.3112736490547886, 0.5349391245776463, 0.5905552037358165, 0.36279390425321767, 0.2832921272868919, 0.09674931253315722, 0.7658246372089106, 0.9702420898271976, 0.3799793891510016, 0.7751487429075781, 0.08489141998262173, 0.9254209509603463, 0.09794877949228764, 0.5631649993140307, 0.8183727361905478, 0.9893446125560111]
[0.7685260742132026, 0.1508924408969714, 0.4107315937442545, 0.759391400221823, 0.4402660661223696, 0.6469242612322051, 0.06978603635187652, 0.869477148263225, 0.1417573730771159, 0.23770547498176564, 0.14378897388965595, 0.580669962447739, 0.831133414531204, 0.30222177934296757, 0.03117066256771983, 0.7474383157415293]
