4
<layers.FirstLayer object at 0x00000213B5162860>
[0.34213695364322816]
[0.21802138943866345]
[0.6307044963680742]
[0.24434492339364156]
[0.453265009838989]
<layers.Layer object at 0x00000213B5160D30>
[0.5147452577140859, 0.29192763578025066, 0.5893403069467356, 0.6632769353483048]
[0.5761608369730439, 0.7266074749251357, 0.41438353893013036, 0.42453390144578584]
[0.41238461278902533, 0.9243973691934255, 0.14242956760532163, 0.2841295233291044]
[0.3585745312355828, 0.04986110429108757, 0.10027201260125515, 0.9417036706898975]
[0.30491404408981243, 0.7135393490056812, 0.7380671830062863, 0.8056504551458055]
[0.08222337028090486, 0.37446661760729205, 0.21343920216430634, 0.2513148871717442]
[0.02142037182270642, 0.552649879704238, 0.4348848949344269, 0.39624562813420255]
[0.21003087650933974, 0.35081979910521754, 0.6292409764243484, 0.9127458683607566]
<layers.Layer object at 0x00000213B51612D0>
[0.7181461340717599, 0.5848023416754938, 0.3306460350348284, 0.04437182477702992, 0.45986602147060307, 0.19807122167849053, 0.6272036477376488, 0.793831407608546]
[0.1970088623484487, 0.16052391329201057, 0.9300785037489128, 0.9130168982592131, 0.31327327168212366, 0.8410860284357526, 0.6821590982659463, 0.7974166932391209]
[0.37958785878682305, 0.13926282864732667, 0.9049641131141202, 0.7215459156684341, 0.9888648783560604, 0.4392969747796833, 0.3638018325178624, 0.32555893593240787]
[0.00863843208366082, 0.728626360927536, 0.9492741918750874, 0.6087944292717504, 0.8694323475100477, 0.5085291010301877, 0.5252288063229642, 0.11045853182640399]
[0.36510410634546503, 0.41057140285405896, 0.24632418329118572, 0.8229733269812403, 0.6008492104495352, 0.1122457477661877, 0.05887143521314723, 0.7852933398411628]
[0.3960420228271689, 0.991564934292021, 0.717912504959709, 0.1656910383639461, 0.7230202430622881, 0.06356026295879198, 0.2158161908539367, 0.10838321956688043]
[0.1199947254809355, 0.42414053458935996, 0.7684463306708436, 0.6200397172035145, 0.24280335292410535, 0.4999644126763305, 0.6074396044495292, 0.6648292625372312]
[0.3060137973949656, 0.26352306581426366, 0.22280705991502625, 0.7563944423815175, 0.8573457202607015, 0.2651133754232566, 0.036467660732635326, 0.40979916792118654]
[0.9997081562464298, 0.14442802351361955, 0.8959119265246495, 0.12892751105255396, 0.9913355378168704, 0.8780271323214695, 0.6543792458570531, 0.956053047794989]
[0.1261412959108771, 0.8460991977883507, 0.2427800884431807, 0.6396071472885009, 0.44642520560263804, 0.6630296522028563, 0.04267090923588656, 0.9539829285328055]
[0.6843089575107393, 0.44562134226070904, 0.049909006267549454, 0.5922906486345142, 0.40340381238291256, 0.010281370194515827, 0.26867704624836747, 0.9115927206849654]
[0.7993751085297648, 0.6014977931494524, 0.524820938725446, 0.7014218144222569, 0.9578016679791467, 0.34107159882861904, 0.9397632967351586, 0.595648975456426]
[0.8207125590950598, 0.6295428351604824, 0.47685506147341233, 0.003145162406261889, 0.8528211758723301, 0.5540772312870093, 0.16570477353781238, 0.6640211188781606]
[0.6154045701478372, 0.23985207592730248, 0.10375939703854803, 0.8843271287119191, 0.2917319657839737, 0.5128681758394694, 0.4868745048609657, 0.6568692117311591]
[0.6532986448520665, 0.9531114085908726, 0.9515800665731052, 0.21944808073209632, 0.5660527266244154, 0.8481419728046536, 0.4487986390732141, 0.11430858909008129]
[0.09043331139323067, 0.49739652949462754, 0.8495582305150343, 0.06495921305314215, 0.41672446368442934, 0.7431079226921902, 0.0847684022813619, 0.5837674687210862]
<layers.Layer object at 0x00000213B5162650>
[0.8381592924655104, 0.4960671316281756, 0.1319554374780022, 0.5124109075362613, 0.7491817377223161, 0.3389425090905082, 0.656789315316276, 0.6625579779520654, 0.6366874101985711, 0.1406845118195523, 0.9131881617509003, 0.8312722102417215, 0.3686372624416911, 0.8399318760331943, 0.11975770568917028, 0.2814090688843954]
[0.3145748547094618, 0.5383459974116107, 0.5939178839931623, 0.36616249948609636, 0.2865265515193255, 0.09999876146998042, 0.7691372817692378, 0.9734154503825727, 0.38344919696328966, 0.7784692506816814, 0.08812052546832998, 0.928881513721599, 0.10130886194864727, 0.5664481741423424, 0.8217843340428307, 0.9925609082094037]
[0.771746359489342, 0.1542158031985586, 0.4140118467338274, 0.7626774231972402, 0.4434212069440094, 0.6500940584705758, 0.0730174801369086, 0.8725727222222767, 0.14514212767418241, 0.24094458923526674, 0.14693892634087652, 0.5840456986113207, 0.8344111334000793, 0.30542447576845433, 0.03449863406843183, 0.7505757723600671]
